Tiempo(s) | CPU_SLAM(%) | RAM_SLAM(MB) | GPU_SLAM(%) | VRAM_SLAM(MiB)
0 | 0.0 | 27.3828 | 11 | 663
1 | 99.0 | 363.152 | 24 | 651
2 | 104 | 640.262 | 33 | 651
3 | 79.0 | 911.672 | 25 | 651
4 | 85.4 | 1188.95 | 18 | 656
5 | 89.3 | 1656.59 | 32 | 553
6 | 91.8 | 2194.87 | 28 | 553
7 | 93.6 | 2259.96 | 13 | 541
8 | 95.0 | 2318.52 | 35 | 541
9 | 96.0 | 2373.04 | 27 | 541
10 | 97.0 | 2437.74 | 28 | 531
11 | 97.6 | 2509.03 | 8 | 531
12 | 98.3 | 2582.18 | 3 | 531
13 | 99.0 | 2804.88 | 15 | 590
14 | 101 | 2951.03 | 14 | 1160
15 | 105 | 2969.4 | 88 | 1189
16 | 109 | 2972.71 | 90 | 1189
17 | 106 | 2972.71 | 87 | 1189
18 | 110 | 2974.21 | 90 | 1205
19 | 113 | 2974.21 | 88 | 1209
20 | 115 | 2975.21 | 89 | 1208
21 | 118 | 2975.21 | 87 | 1224
22 | 121 | 2991.23 | 93 | 1637
23 | 124 | 2992.81 | 98 | 1637
24 | 127 | 2993.03 | 98 | 1637
25 | 130 | 2997.81 | 98 | 1637
26 | 133 | 2998.57 | 98 | 1637
27 | 135 | 3000.69 | 99 | 1637
28 | 137 | 3001.7 | 98 | 1637
29 | 140 | 3003.16 | 98 | 1637
30 | 142 | 3003.98 | 99 | 1637
31 | 144 | 3004 | 98 | 1637
32 | 145 | 3005.08 | 99 | 1637
33 | 143 | 3010.12 | 98 | 1637
34 | 144 | 3010.89 | 98 | 1637
35 | 146 | 3011.81 | 99 | 1637
36 | 147 | 3013.08 | 97 | 1637
37 | 149 | 3013.08 | 98 | 1637
38 | 150 | 3014.37 | 97 | 1637
39 | 152 | 3014.44 | 97 | 1637
40 | 153 | 3014.46 | 96 | 1637
41 | 154 | 3015.16 | 97 | 1637
42 | 155 | 3015.36 | 97 | 1637
43 | 156 | 3015.55 | 98 | 1637
44 | 157 | 3016.25 | 97 | 1637
45 | 159 | 3016.43 | 97 | 1637
46 | 160 | 3016.62 | 100 | 1637
47 | 158 | 3016.72 | 97 | 1637
48 | 159 | 3017.04 | 98 | 1637
49 | 160 | 3018.16 | 98 | 1637
50 | 162 | 3018.16 | 99 | 1637
51 | 169 | 3018.93 | 78 | 1637
52 | 177 | 3019.43 | 98 | 1637
53 | 182 | 3019.43 | 93 | 1637
54 | 189 | 3019.83 | 84 | 1637
55 | 197 | 3020.15 | 79 | 1637
56 | 201 | 3021.18 | 88 | 1637
57 | 208 | 3021.18 | 98 | 1637
58 | 211 | 3021.41 | 98 | 1637
59 | 217 | 3021.76 | 99 | 1637
60 | 223 | 3022.2 | 96 | 1637
61 | 226 | 3022.2 | 97 | 1637
62 | 232 | 3022.82 | 90 | 1637
63 | 235 | 3022.82 | 99 | 1637
64 | 241 | 3023.12 | 90 | 1637
65 | 246 | 3023.12 | 99 | 1637
66 | 249 | 3024 | 93 | 1645
67 | 253 | 3024 | 100 | 1645
68 | 255 | 3024.48 | 90 | 1645
69 | 256 | 3024.54 | 98 | 1645
70 | 256 | 3024.54 | 100 | 1645
71 | 255 | 3024.7 | 98 | 1645
72 | 255 | 3024.88 | 98 | 1645
73 | 254 | 3025.14 | 100 | 1645
74 | 253 | 3025.14 | 98 | 1645
75 | 253 | 3025.39 | 98 | 1645
76 | 252 | 3025.41 | 99 | 1645
77 | 252 | 3025.57 | 99 | 1645
78 | 248 | 3025.57 | 98 | 1645
79 | 248 | 3025.62 | 98 | 1645
80 | 248 | 3025.71 | 100 | 1645
81 | 247 | 3025.76 | 98 | 1645
82 | 247 | 3025.76 | 98 | 1645
83 | 246 | 3025.96 | 99 | 1645
84 | 246 | 3026.05 | 98 | 1645
85 | 246 | 3026.05 | 97 | 1645
86 | 246 | 3026.26 | 96 | 1645
87 | 247 | 3026.52 | 91 | 1645
88 | 248 | 3026.52 | 99 | 1645
89 | 248 | 3026.63 | 88 | 1645
90 | 249 | 3026.72 | 99 | 1645
91 | 251 | 3026.72 | 89 | 1645
92 | 252 | 3028.26 | 87 | 1645
93 | 252 | 3028.96 | 88 | 1645
94 | 253 | 3029.71 | 94 | 1645
95 | 254 | 3030.48 | 89 | 1645
96 | 255 | 3030.48 | 86 | 1645
97 | 255 | 3032.77 | 98 | 1645
98 | 254 | 3032.79 | 98 | 1645
99 | 254 | 3033.28 | 97 | 1645
100 | 254 | 3034.02 | 98 | 1645
101 | 251 | 3034.66 | 98 | 1645
102 | 252 | 3034.66 | 94 | 1645
103 | 254 | 3035.38 | 75 | 1645
104 | 258 | 3035.46 | 86 | 1645
105 | 259 | 3035.46 | 64 | 1645
106 | 262 | 3035.46 | 97 | 1645
107 | 265 | 3036.52 | 92 | 1645
108 | 265 | 3036.52 | 100 | 1645
109 | 269 | 3036.76 | 93 | 1645
110 | 269 | 3036.76 | 99 | 1645
111 | 272 | 3036.76 | 88 | 1645
112 | 274 | 3036.76 | 100 | 1645
113 | 275 | 3036.78 | 89 | 1645
114 | 278 | 3036.78 | 95 | 1645
115 | 279 | 3036.81 | 89 | 1645
116 | 281 | 3036.81 | 100 | 1645
117 | 284 | 3037.49 | 89 | 1645
118 | 285 | 3037.49 | 98 | 1645
119 | 288 | 3037.5 | 98 | 1645
120 | 288 | 3037.5 | 99 | 1645
121 | 291 | 3037.51 | 98 | 1645
122 | 291 | 3037.54 | 99 | 1645
123 | 293 | 3037.56 | 97 | 1645
124 | 296 | 3037.56 | 92 | 1645
125 | 297 | 3037.57 | 92 | 1645
126 | 299 | 3037.57 | 96 | 1645
127 | 300 | 3037.57 | 96 | 1645
128 | 302 | 3037.57 | 100 | 1645
129 | 302 | 3037.57 | 97 | 1645
130 | 304 | 3037.57 | 99 | 1645
131 | 306 | 3037.61 | 89 | 1645
132 | 307 | 3037.61 | 98 | 1645
133 | 309 | 3037.69 | 97 | 1645
134 | 309 | 3037.86 | 99 | 1645
135 | 310 | 3037.86 | 99 | 1645
136 | 312 | 3038.06 | 99 | 1645
137 | 312 | 3038.13 | 99 | 1645
138 | 314 | 3038.33 | 94 | 1645
139 | 316 | 3038.55 | 98 | 1645
140 | 316 | 3038.55 | 100 | 1645
141 | 317 | 3038.75 | 97 | 1645
142 | 317 | 3038.95 | 100 | 1645
143 | 319 | 3038.95 | 99 | 1645
144 | 321 | 3039.17 | 96 | 1645
145 | 321 | 3039.39 | 90 | 1645
146 | 322 | 3039.44 | 97 | 1739
147 | 322 | 3044.05 | 96 | 1739
148 | 324 | 3044.24 | 97 | 1739
149 | 325 | 3044.24 | 98 | 1739
150 | 325 | 3044.44 | 79 | 1739
151 | 327 | 3044.44 | 99 | 1739
152 | 327 | 3044.63 | 92 | 1739
153 | 328 | 3044.83 | 100 | 1739
154 | 330 | 3044.83 | 99 | 1739
155 | 330 | 3046.66 | 98 | 1789
156 | 331 | 3046.66 | 97 | 1789
157 | 333 | 3046.86 | 96 | 1789
158 | 333 | 3046.88 | 99 | 1789
159 | 334 | 3047.08 | 99 | 1789
160 | 334 | 3047.3 | 98 | 1789
161 | 335 | 3047.38 | 99 | 1789
162 | 337 | 3048.38 | 95 | 1789
163 | 336 | 3048.38 | 99 | 1789
164 | 338 | 3048.57 | 99 | 1789
165 | 338 | 3048.57 | 100 | 1789
166 | 339 | 3048.77 | 99 | 1789
167 | 340 | 3048.77 | 99 | 1789
168 | 340 | 3048.96 | 88 | 1789
169 | 342 | 3048.96 | 98 | 1789
170 | 342 | 3049.16 | 98 | 1789
171 | 343 | 3049.16 | 100 | 1789
172 | 343 | 3049.35 | 98 | 1789
173 | 345 | 3049.55 | 99 | 1789
174 | 346 | 3049.74 | 99 | 1789
175 | 346 | 3049.75 | 100 | 1789
176 | 348 | 3049.94 | 99 | 1789
177 | 348 | 3050.13 | 100 | 1789
178 | 350 | 3050.33 | 99 | 1789
179 | 350 | 3050.52 | 99 | 1789
180 | 352 | 3050.52 | 100 | 1789
181 | 354 | 3050.72 | 99 | 1789
182 | 354 | 3050.91 | 98 | 1789
183 | 355 | 3051.11 | 94 | 1789
184 | 355 | 3051.3 | 90 | 1789
185 | 356 | 3052.16 | 96 | 1789
186 | 358 | 3053 | 95 | 1789
187 | 357 | 3054.26 | 97 | 1789
188 | 359 | 3055.15 | 96 | 1789
189 | 359 | 3056.45 | 99 | 1789
190 | 360 | 3057.51 | 96 | 1789
191 | 360 | 3058.78 | 96 | 1789
192 | 361 | 3059.56 | 96 | 1789
193 | 362 | 3060.93 | 68 | 1789
194 | 362 | 3062.21 | 95 | 1789
195 | 363 | 3063.25 | 95 | 1789
196 | 363 | 3065.66 | 94 | 1789
197 | 364 | 3066.48 | 100 | 1789
198 | 366 | 3067.52 | 93 | 1789
199 | 365 | 3069.09 | 97 | 1789
200 | 366 | 3071.45 | 85 | 1789
201 | 365 | 3073.26 | 94 | 1789
202 | 364 | 3075.37 | 95 | 1789
203 | 364 | 3076.4 | 94 | 1789
204 | 363 | 3079.07 | 94 | 1789
205 | 362 | 3080.87 | 93 | 1789
206 | 360 | 3082.6 | 95 | 1789
207 | 360 | 3084.52 | 94 | 1789
208 | 359 | 3086.14 | 94 | 1789
209 | 359 | 3087.29 | 91 | 1789
210 | 358 | 3088.85 | 96 | 1789
211 | 357 | 3091.19 | 96 | 1789
212 | 357 | 3092.23 | 98 | 1789
213 | 356 | 3092.17 | 99 | 1789
214 | 356 | 3096.98 | 98 | 1789
215 | 355 | 3096.98 | 100 | 1789
216 | 355 | 3097.18 | 98 | 1789
217 | 354 | 3098.91 | 99 | 1789
218 | 354 | 3098.91 | 99 | 1789
219 | 353 | 3099.79 | 97 | 1789
220 | 351 | 3100.47 | 100 | 1789
221 | 351 | 3100.47 | 96 | 1789
222 | 350 | 3101.87 | 98 | 1789
223 | 350 | 3102.3 | 98 | 1789
224 | 349 | 3102.66 | 97 | 1789
225 | 349 | 3103.43 | 99 | 1789
226 | 349 | 3104.3 | 98 | 1789
227 | 348 | 3104.3 | 97 | 1789
228 | 348 | 3105.22 | 99 | 1789
229 | 347 | 3106.02 | 99 | 1789
230 | 347 | 3106.02 | 99 | 1789
231 | 346 | 3107.06 | 96 | 1789
232 | 346 | 3107.06 | 100 | 1789
233 | 345 | 3108.16 | 97 | 1789
234 | 344 | 3109.39 | 99 | 1789
235 | 343 | 3109.39 | 96 | 1789
236 | 343 | 3110.47 | 99 | 1789
237 | 343 | 3110.47 | 98 | 1789
238 | 342 | 3110.81 | 97 | 1789
239 | 342 | 3111.09 | 100 | 1789
240 | 341 | 3111.52 | 97 | 1789
241 | 341 | 3111.69 | 98 | 1789
242 | 341 | 3111.91 | 100 | 1789
243 | 340 | 3112.8 | 97 | 1789
244 | 340 | 3113.71 | 99 | 1789
245 | 340 | 3114.54 | 99 | 1789
246 | 339 | 3114.54 | 98 | 1789
247 | 338 | 3115.36 | 97 | 1789
248 | 338 | 3116.16 | 97 | 1789
249 | 337 | 3117.14 | 98 | 1789
250 | 337 | 3118.12 | 98 | 1789
251 | 337 | 3118.76 | 99 | 1789
252 | 336 | 3119.47 | 98 | 1789
253 | 336 | 3120.26 | 97 | 1789
254 | 336 | 3120.88 | 98 | 1789
255 | 336 | 3121.35 | 98 | 1789
256 | 335 | 3121.97 | 98 | 1789
257 | 335 | 3122.49 | 98 | 1789
258 | 335 | 3122.87 | 97 | 1789
259 | 335 | 3123.24 | 97 | 1789
260 | 334 | 3123.64 | 96 | 1789
261 | 333 | 3123.77 | 97 | 1789
262 | 333 | 3123.78 | 98 | 1789
263 | 333 | 3123.8 | 98 | 1789
264 | 332 | 3124.67 | 98 | 1789
265 | 332 | 3124.68 | 97 | 1789
266 | 332 | 3124.7 | 98 | 1789
267 | 332 | 3124.71 | 98 | 1789
268 | 332 | 3124.74 | 97 | 1789
269 | 331 | 3124.75 | 97 | 1789
270 | 331 | 3137.33 | 93 | 1789
271 | 331 | 3137.34 | 99 | 1789
272 | 331 | 3137.38 | 97 | 1789
273 | 331 | 3138.12 | 71 | 1789
274 | 332 | 3138.12 | 56 | 1789
275 | 332 | 3138.19 | 70 | 1789
276 | 334 | 3138.19 | 65 | 1789
277 | 335 | 3138.19 | 67 | 1789
278 | 335 | 3138.19 | 72 | 1789
279 | 336 | 3138.19 | 90 | 1789
280 | 336 | 3138.19 | 96 | 1789
281 | 337 | 3138.19 | 92 | 1789
282 | 338 | 3138.19 | 97 | 1789
283 | 339 | 3138.19 | 96 | 1789
284 | 340 | 3138.19 | 91 | 1789
285 | 340 | 3138.19 | 92 | 1789
286 | 341 | 3138.19 | 90 | 1789
287 | 342 | 3138.19 | 96 | 1789
288 | 342 | 3138.19 | 97 | 1789
289 | 343 | 3138.19 | 92 | 1789
290 | 343 | 3138.19 | 96 | 1789
291 | 344 | 3138.19 | 99 | 1789
292 | 344 | 3138.19 | 89 | 1789
293 | 345 | 3138.19 | 94 | 1789
294 | 346 | 3138.19 | 89 | 1789
295 | 346 | 3138.19 | 94 | 1789
296 | 347 | 3138.19 | 93 | 1789
297 | 347 | 3138.19 | 86 | 1789
298 | 348 | 3138.27 | 87 | 1789
299 | 349 | 3138.27 | 93 | 1789
300 | 349 | 3138.27 | 97 | 1789
301 | 350 | 3138.27 | 99 | 1789
302 | 350 | 3138.27 | 88 | 1789
303 | 351 | 3138.27 | 81 | 1789
304 | 352 | 3138.27 | 73 | 1789
305 | 351 | 3138.27 | 75 | 1789
306 | 351 | 3138.27 | 90 | 1789
307 | 350 | 3138.39 | 98 | 1789
308 | 350 | 3138.39 | 99 | 1789
309 | 350 | 3138.84 | 98 | 1789
310 | 349 | 3138.99 | 99 | 1789
311 | 349 | 3139.03 | 99 | 1789
312 | 349 | 3141.09 | 99 | 1789
313 | 349 | 3141.1 | 99 | 1789
314 | 348 | 3141.69 | 99 | 1789
315 | 348 | 3142.48 | 98 | 1789
316 | 348 | 3143.75 | 98 | 1789
317 | 347 | 3143.75 | 99 | 1789
318 | 346 | 3144.31 | 98 | 1789
319 | 346 | 3144.55 | 98 | 1789
320 | 346 | 3144.73 | 99 | 1789
321 | 345 | 3145.43 | 98 | 1789
322 | 345 | 3145.67 | 98 | 1789
323 | 345 | 3145.67 | 98 | 1789
324 | 345 | 3146.38 | 98 | 1789
325 | 344 | 3147.96 | 99 | 1789
326 | 344 | 3148.74 | 97 | 1789
327 | 344 | 3148.74 | 99 | 1789
328 | 344 | 3144.25 | 89 | 1789
329 | 343 | 3144.39 | 98 | 1789
330 | 344 | 3146.92 | 69 | 1789
331 | 345 | 3147.05 | 93 | 1789
332 | 344 | 3148.79 | 65 | 1789
333 | 345 | 3148.84 | 92 | 1789
334 | 346 | 3149.24 | 94 | 1789
335 | 345 | 3149.24 | 98 | 1789
336 | 346 | 3151.12 | 94 | 1789
337 | 346 | 3151.14 | 98 | 1789
338 | 347 | 3151.99 | 95 | 1789
339 | 348 | 3151.99 | 92 | 1789
340 | 347 | 3152.61 | 94 | 1789
341 | 348 | 3152.61 | 94 | 1789
342 | 348 | 3152.61 | 98 | 1789
343 | 349 | 3153.36 | 92 | 1789
344 | 349 | 3153.36 | 98 | 1789
345 | 349 | 3154.5 | 87 | 1789
346 | 350 | 3154.5 | 98 | 1789
347 | 350 | 3155.71 | 91 | 1789
348 | 351 | 3155.71 | 99 | 1789
349 | 351 | 3156.16 | 96 | 1789
350 | 351 | 3153.18 | 99 | 1789
351 | 352 | 3153.32 | 99 | 1789
352 | 352 | 3153.51 | 96 | 1789
353 | 353 | 3153.51 | 100 | 1789
354 | 353 | 3154.18 | 88 | 1789
355 | 353 | 3154.18 | 99 | 1789
356 | 354 | 3154.3 | 87 | 1789
357 | 354 | 3154.3 | 99 | 1789
358 | 354 | 3154.96 | 74 | 1789
359 | 354 | 3154.96 | 98 | 1789
360 | 355 | 3156.85 | 87 | 1789
361 | 356 | 3156.85 | 95 | 1789
362 | 356 | 3157.18 | 93 | 1789
363 | 356 | 3157.26 | 95 | 1789
364 | 356 | 3157.31 | 99 | 1789
365 | 357 | 3157.58 | 89 | 1789
366 | 357 | 3158.08 | 98 | 1789
367 | 357 | 3158.08 | 67 | 1789
368 | 358 | 3158.62 | 83 | 1789
369 | 358 | 3158.62 | 78 | 1789
370 | 358 | 3159.24 | 68 | 1789
371 | 359 | 3159.24 | 99 | 1789
372 | 359 | 3159.82 | 93 | 1789
373 | 359 | 3159.82 | 100 | 1789
374 | 360 | 3160.52 | 96 | 1789
375 | 359 | 3160.52 | 93 | 1789
376 | 358 | 3161.39 | 100 | 1789
377 | 358 | 3161.39 | 99 | 1789
378 | 358 | 3162.21 | 100 | 1789
379 | 358 | 3162.21 | 98 | 1789
380 | 357 | 3162.52 | 100 | 1789
381 | 357 | 3162.52 | 98 | 1789
382 | 357 | 3163.2 | 99 | 1789
383 | 356 | 3163.66 | 99 | 1789
384 | 356 | 3163.66 | 99 | 1789
385 | 356 | 3164.07 | 99 | 1789
386 | 355 | 3164.07 | 98 | 1789
387 | 355 | 3164.71 | 99 | 1789
388 | 355 | 3164.71 | 100 | 1789
389 | 354 | 3165.39 | 98 | 1789
390 | 353 | 3165.39 | 99 | 1789
391 | 353 | 3166.01 | 99 | 1789
392 | 353 | 3166.06 | 99 | 1789
393 | 353 | 3166.43 | 98 | 1789
394 | 352 | 3166.43 | 99 | 1789
395 | 352 | 3166.86 | 97 | 1789
396 | 352 | 3166.86 | 100 | 1789
397 | 352 | 3167.5 | 97 | 1789
398 | 352 | 3167.51 | 88 | 1789
399 | 352 | 3168.2 | 77 | 1789
400 | 352 | 3168.2 | 97 | 1789
401 | 353 | 3169.17 | 78 | 1789
402 | 353 | 3169.17 | 100 | 1789
403 | 354 | 3169.89 | 93 | 1789
404 | 353 | 3169.89 | 100 | 1789
405 | 354 | 3170.15 | 91 | 1789
406 | 354 | 3170.15 | 92 | 1789
407 | 354 | 3170.85 | 95 | 1789
408 | 355 | 3170.85 | 91 | 1789
409 | 354 | 3171.41 | 92 | 1789
410 | 355 | 3171.41 | 91 | 1789
411 | 355 | 3171.55 | 93 | 1789
412 | 355 | 3172.24 | 87 | 1789
413 | 356 | 3172.24 | 95 | 1789
414 | 356 | 3172.83 | 83 | 1789
415 | 357 | 3172.83 | 99 | 1789
416 | 356 | 3173.56 | 87 | 1789
417 | 357 | 3173.56 | 95 | 1789
418 | 357 | 3173.56 | 99 | 1789
419 | 357 | 3173.95 | 95 | 1789
420 | 358 | 3173.95 | 99 | 1789
421 | 357 | 3174 | 84 | 1789
422 | 358 | 3174 | 98 | 1789
423 | 359 | 3174.2 | 97 | 1789
424 | 358 | 3174.2 | 97 | 1789
425 | 359 | 3174.6 | 94 | 1789
426 | 359 | 3174.68 | 89 | 1789
427 | 359 | 3175.57 | 90 | 1789
428 | 360 | 3175.57 | 93 | 1789
429 | 360 | 3176.77 | 90 | 1789
430 | 360 | 3178 | 93 | 1789
431 | 360 | 3178 | 92 | 1789
432 | 360 | 3178.66 | 90 | 1789
433 | 361 | 3179.08 | 97 | 1789
434 | 361 | 3179.11 | 87 | 1789
435 | 361 | 3180.3 | 73 | 1789
436 | 361 | 3181.07 | 88 | 1789
437 | 362 | 3182.18 | 92 | 1789
438 | 362 | 3182.18 | 98 | 1789
439 | 362 | 3183.03 | 89 | 1789
440 | 362 | 3183.03 | 98 | 1789
441 | 362 | 3184.09 | 64 | 1789
442 | 363 | 3184.09 | 98 | 1789
443 | 363 | 3185.06 | 92 | 1789
444 | 363 | 3185.06 | 99 | 1789
445 | 363 | 3185.89 | 93 | 1789
446 | 364 | 3185.89 | 100 | 1789
447 | 364 | 3189.26 | 99 | 1789
448 | 364 | 3189.26 | 99 | 1790
449 | 364 | 3190.71 | 68 | 1790
450 | 364 | 3190.71 | 99 | 1790
451 | 365 | 3191.17 | 79 | 1790
452 | 364 | 3191.17 | 97 | 1790
453 | 365 | 3191.29 | 100 | 1790
454 | 365 | 3190.95 | 95 | 1780
455 | 365 | 3191.02 | 100 | 1780
456 | 365 | 3191.06 | 100 | 1784
457 | 365 | 3191.06 | 98 | 1785
458 | 366 | 3191.21 | 97 | 1783
459 | 366 | 3191.21 | 98 | 1783
460 | 366 | 3193.36 | 100 | 1783
461 | 366 | 3193.36 | 100 | 1780
462 | 366 | 3193.36 | 100 | 1780
463 | 366 | 3194.73 | 100 | 1781
464 | 366 | 3194.73 | 100 | 1781
465 | 367 | 3194.99 | 97 | 1863
466 | 367 | 3195.2 | 99 | 1863
467 | 367 | 3195.27 | 99 | 1860
468 | 367 | 3195.62 | 93 | 1808
469 | 368 | 3195.62 | 82 | 1810
470 | 368 | 3195.62 | 99 | 1810
471 | 368 | 3195.95 | 80 | 1810
472 | 368 | 3195.95 | 95 | 1809
473 | 368 | 3196.22 | 92 | 1809
474 | 369 | 3196.22 | 90 | 1809
475 | 368 | 3196.22 | 93 | 1783
476 | 369 | 3196.96 | 60 | 1783
477 | 369 | 3196.96 | 98 | 1862
478 | 369 | 3197.16 | 90 | 1867
479 | 370 | 3197.16 | 79 | 1867
480 | 370 | 3197.16 | 100 | 1867
481 | 370 | 3197.58 | 88 | 1867
482 | 370 | 3197.58 | 88 | 1867
483 | 370 | 3197.75 | 93 | 1867
484 | 371 | 3198.65 | 88 | 1788
485 | 371 | 3198.65 | 99 | 1788
486 | 371 | 3198.68 | 95 | 1787
487 | 371 | 3198.68 | 93 | 1787
488 | 372 | 3198.69 | 86 | 1787
489 | 372 | 3200.31 | 61 | 1787
490 | 372 | 3200.31 | 100 | 1787
491 | 372 | 3201.72 | 87 | 1787
492 | 372 | 3201.72 | 84 | 1781
493 | 372 | 3201.72 | 94 | 1780
494 | 373 | 3203.09 | 62 | 1780
495 | 373 | 3203.1 | 100 | 1780
496 | 373 | 3203.67 | 93 | 1780
497 | 373 | 3203.67 | 92 | 1780
498 | 373 | 3203.67 | 97 | 1780
499 | 373 | 3203.77 | 80 | 1780
500 | 374 | 3203.77 | 97 | 1780
501 | 374 | 3203.78 | 72 | 1780
502 | 374 | 3203.78 | 84 | 1780
503 | 374 | 3203.78 | 97 | 1780
504 | 374 | 3204.17 | 80 | 1780
505 | 374 | 3204.17 | 96 | 1780
506 | 375 | 3204.42 | 69 | 1780
507 | 375 | 3204.42 | 82 | 1780
508 | 375 | 3204.43 | 85 | 1780
509 | 376 | 3204.67 | 83 | 1780
510 | 375 | 3204.67 | 100 | 1780
511 | 376 | 3204.74 | 83 | 1780
512 | 376 | 3204.74 | 91 | 1780
513 | 376 | 3204.74 | 92 | 1780
514 | 376 | 3204.74 | 98 | 1780
515 | 376 | 3192.57 | 90 | 1779
