Tiempo(s) | CPU_SLAM(%) | RAM_SLAM(MB) | GPU_SLAM(%) | VRAM_SLAM(MiB)
0 | 0.0 | 10.832 | 54 | 450
1 | 104 | 309.633 | 22 | 451
2 | 106 | 798.555 | 29 | 304
3 | 106 | 1463.23 | 1 | 304
4 | 85.0 | 2191.47 | 2 | 304
5 | 88.6 | 2259.12 | 4 | 304
6 | 91.1 | 2325.59 | 7 | 304
7 | 93.0 | 2389.96 | 4 | 304
8 | 94.5 | 2459.48 | 8 | 304
9 | 95.8 | 2530.78 | 8 | 304
10 | 96.7 | 2602.95 | 4 | 304
11 | 98.1 | 2817.73 | 20 | 474
12 | 101 | 2967.35 | 11 | 957
13 | 106 | 2969.29 | 88 | 957
14 | 111 | 2971.17 | 91 | 957
15 | 115 | 2972.67 | 86 | 973
16 | 119 | 2972.67 | 91 | 977
17 | 122 | 2973.67 | 88 | 977
18 | 124 | 2973.67 | 90 | 977
19 | 127 | 2988.9 | 87 | 1390
20 | 124 | 2990.87 | 98 | 1410
21 | 128 | 2991.68 | 98 | 1410
22 | 131 | 2995.88 | 98 | 1410
23 | 134 | 2997.36 | 99 | 1410
24 | 137 | 2997.81 | 98 | 1410
25 | 139 | 2999.28 | 98 | 1410
26 | 141 | 3000.19 | 98 | 1410
27 | 143 | 3001.54 | 99 | 1410
28 | 145 | 3002.33 | 98 | 1410
29 | 147 | 3003.36 | 100 | 1410
30 | 149 | 3003.5 | 99 | 1410
31 | 150 | 3008.57 | 99 | 1410
32 | 152 | 3009.28 | 99 | 1410
33 | 154 | 3010.18 | 99 | 1410
34 | 156 | 3011.4 | 98 | 1410
35 | 153 | 3011.82 | 97 | 1410
36 | 155 | 3012.63 | 97 | 1410
37 | 157 | 3014.46 | 97 | 1410
38 | 159 | 3016.47 | 95 | 1410
39 | 160 | 3016.64 | 97 | 1410
40 | 161 | 3016.68 | 98 | 1410
41 | 163 | 3016.83 | 97 | 1410
42 | 164 | 3017.33 | 100 | 1410
43 | 165 | 3017.53 | 98 | 1410
44 | 167 | 3020.67 | 100 | 1410
45 | 168 | 3020.79 | 96 | 1410
46 | 169 | 3021.55 | 99 | 1410
47 | 170 | 3021.55 | 98 | 1410
48 | 167 | 3022.43 | 97 | 1410
49 | 168 | 3023.66 | 99 | 1410
50 | 169 | 3023.66 | 98 | 1410
51 | 170 | 3024.44 | 98 | 1410
52 | 171 | 3025.14 | 99 | 1410
53 | 172 | 3025.14 | 97 | 1410
54 | 172 | 3025.82 | 98 | 1410
55 | 173 | 3026.97 | 99 | 1410
56 | 174 | 3026.97 | 98 | 1410
57 | 175 | 3028.22 | 97 | 1410
58 | 176 | 3029.23 | 98 | 1410
59 | 176 | 3029.23 | 97 | 1410
60 | 177 | 3030.34 | 97 | 1410
61 | 178 | 3030.34 | 99 | 1410
62 | 176 | 3031.37 | 97 | 1410
63 | 177 | 3031.57 | 100 | 1410
64 | 177 | 3031.57 | 98 | 1410
65 | 178 | 3031.57 | 98 | 1410
66 | 178 | 3031.58 | 100 | 1410
67 | 179 | 3031.58 | 98 | 1410
68 | 179 | 3033.79 | 99 | 1414
69 | 180 | 3034.01 | 99 | 1414
70 | 181 | 3034.43 | 98 | 1414
71 | 181 | 3034.43 | 99 | 1414
72 | 182 | 3034.83 | 97 | 1414
73 | 182 | 3035.08 | 98 | 1414
74 | 183 | 3035.09 | 99 | 1414
75 | 181 | 3035.1 | 98 | 1414
76 | 182 | 3035.1 | 98 | 1414
77 | 183 | 3035.25 | 97 | 1414
78 | 183 | 3035.55 | 98 | 1414
79 | 184 | 3035.77 | 100 | 1414
80 | 184 | 3036 | 97 | 1414
81 | 185 | 3036.24 | 97 | 1414
82 | 185 | 3036.24 | 97 | 1414
83 | 186 | 3036.49 | 98 | 1414
84 | 186 | 3036.74 | 98 | 1414
85 | 187 | 3037.02 | 98 | 1414
86 | 187 | 3037.38 | 99 | 1414
87 | 188 | 3037.38 | 98 | 1414
88 | 188 | 3037.62 | 98 | 1414
89 | 186 | 3037.85 | 98 | 1414
90 | 187 | 3038.06 | 97 | 1414
91 | 187 | 3038.25 | 99 | 1414
92 | 188 | 3038.48 | 98 | 1414
93 | 188 | 3038.48 | 97 | 1414
94 | 188 | 3038.7 | 98 | 1414
95 | 189 | 3038.95 | 98 | 1414
96 | 189 | 3039.17 | 99 | 1414
97 | 190 | 3039.38 | 98 | 1414
98 | 190 | 3039.63 | 98 | 1414
99 | 190 | 3039.63 | 97 | 1414
100 | 191 | 3040.02 | 99 | 1414
101 | 191 | 3040.35 | 98 | 1414
102 | 192 | 3040.58 | 98 | 1414
103 | 190 | 3040.79 | 97 | 1414
104 | 191 | 3041.01 | 100 | 1414
105 | 191 | 3041.01 | 97 | 1414
106 | 191 | 3041.23 | 98 | 1414
107 | 192 | 3041.78 | 100 | 1414
108 | 192 | 3041.78 | 96 | 1414
109 | 192 | 3042.47 | 98 | 1414
110 | 192 | 3042.47 | 99 | 1414
111 | 193 | 3042.72 | 96 | 1414
112 | 193 | 3042.94 | 100 | 1414
113 | 193 | 3042.94 | 96 | 1414
114 | 194 | 3043.47 | 99 | 1414
115 | 194 | 3043.47 | 96 | 1414
116 | 193 | 3044.32 | 98 | 1414
117 | 193 | 3045.04 | 98 | 1414
118 | 193 | 3045.04 | 100 | 1414
119 | 193 | 3045.82 | 96 | 1414
120 | 194 | 3045.82 | 100 | 1414
121 | 194 | 3046.64 | 96 | 1414
122 | 194 | 3047.09 | 99 | 1414
123 | 194 | 3047.09 | 97 | 1414
124 | 195 | 3047.88 | 98 | 1414
125 | 195 | 3047.88 | 99 | 1414
126 | 195 | 3048.29 | 97 | 1414
127 | 195 | 3048.53 | 100 | 1414
128 | 196 | 3048.53 | 98 | 1414
129 | 194 | 3049.08 | 99 | 1414
130 | 195 | 3049.95 | 98 | 1414
131 | 195 | 3049.95 | 96 | 1414
132 | 195 | 3050.44 | 100 | 1414
133 | 195 | 3050.44 | 100 | 1414
134 | 195 | 3051.36 | 97 | 1414
135 | 195 | 3052.45 | 98 | 1414
136 | 196 | 3052.45 | 99 | 1414
137 | 196 | 3053.46 | 97 | 1414
138 | 196 | 3054.5 | 99 | 1414
139 | 196 | 3054.52 | 97 | 1414
140 | 196 | 3055.66 | 98 | 1414
141 | 196 | 3055.66 | 99 | 1414
142 | 197 | 3056.71 | 97 | 1414
143 | 195 | 3057.67 | 100 | 1414
144 | 196 | 3057.67 | 98 | 1414
145 | 196 | 3061.73 | 98 | 1414
146 | 196 | 3061.73 | 96 | 1414
147 | 196 | 3061.76 | 97 | 1414
148 | 196 | 3061.78 | 99 | 1414
149 | 196 | 3061.78 | 99 | 1414
150 | 197 | 3062.3 | 98 | 1414
151 | 197 | 3067.41 | 98 | 1508
152 | 197 | 3067.41 | 99 | 1508
153 | 197 | 3069.67 | 97 | 1558
154 | 197 | 3069.67 | 100 | 1558
155 | 198 | 3069.67 | 97 | 1558
156 | 197 | 3069.67 | 99 | 1558
157 | 197 | 3069.68 | 96 | 1558
158 | 197 | 3071.64 | 100 | 1558
159 | 197 | 3071.64 | 97 | 1558
160 | 197 | 3073.21 | 98 | 1558
161 | 197 | 3073.34 | 99 | 1558
162 | 198 | 3069.82 | 98 | 1558
163 | 198 | 3072.04 | 99 | 1558
164 | 198 | 3072.04 | 98 | 1558
165 | 198 | 3074.04 | 98 | 1558
166 | 198 | 3074.34 | 99 | 1558
167 | 199 | 3074.34 | 100 | 1558
168 | 199 | 3075.12 | 98 | 1558
169 | 199 | 3075.12 | 100 | 1558
170 | 198 | 3075.53 | 98 | 1558
171 | 198 | 3075.53 | 99 | 1558
172 | 198 | 3075.81 | 98 | 1558
173 | 199 | 3076.8 | 99 | 1558
174 | 199 | 3076.8 | 98 | 1558
175 | 199 | 3077.43 | 100 | 1558
176 | 199 | 3077.43 | 97 | 1558
177 | 199 | 3078 | 97 | 1558
178 | 199 | 3072.75 | 99 | 1558
179 | 199 | 3074.18 | 98 | 1558
180 | 200 | 3076.26 | 100 | 1558
181 | 200 | 3076.26 | 100 | 1558
182 | 200 | 3077.97 | 98 | 1558
183 | 200 | 3079.76 | 98 | 1558
184 | 199 | 3079.76 | 99 | 1558
185 | 199 | 3081.43 | 97 | 1558
186 | 199 | 3081.52 | 99 | 1558
187 | 200 | 3081.61 | 98 | 1558
188 | 200 | 3081.74 | 100 | 1558
189 | 200 | 3081.74 | 98 | 1558
190 | 200 | 3081.84 | 100 | 1558
191 | 200 | 3081.84 | 99 | 1558
192 | 200 | 3082.05 | 98 | 1558
193 | 201 | 3082.05 | 100 | 1558
194 | 201 | 3082.76 | 98 | 1558
195 | 201 | 3083.52 | 99 | 1558
196 | 201 | 3083.52 | 99 | 1558
197 | 200 | 3084.26 | 98 | 1558
198 | 200 | 3084.26 | 100 | 1558
199 | 201 | 3084.92 | 97 | 1558
200 | 201 | 3085.25 | 99 | 1558
201 | 201 | 3085.25 | 98 | 1558
202 | 201 | 3085.74 | 98 | 1558
203 | 201 | 3085.74 | 99 | 1558
204 | 201 | 3086.09 | 97 | 1558
205 | 201 | 3086.09 | 99 | 1558
206 | 202 | 3086.37 | 98 | 1558
207 | 202 | 3086.64 | 100 | 1558
208 | 202 | 3086.64 | 98 | 1558
209 | 202 | 3086.94 | 100 | 1558
210 | 201 | 3086.94 | 97 | 1558
211 | 201 | 3087.22 | 99 | 1558
212 | 201 | 3087.46 | 98 | 1558
213 | 201 | 3087.48 | 98 | 1558
214 | 201 | 3087.64 | 99 | 1558
215 | 202 | 3087.64 | 99 | 1558
216 | 202 | 3087.96 | 96 | 1558
217 | 202 | 3087.96 | 99 | 1558
218 | 202 | 3088.33 | 98 | 1558
219 | 202 | 3088.6 | 99 | 1558
220 | 202 | 3088.6 | 98 | 1558
221 | 202 | 3088.81 | 99 | 1558
222 | 202 | 3088.81 | 96 | 1558
223 | 202 | 3089.45 | 98 | 1558
224 | 202 | 3089.73 | 98 | 1558
225 | 202 | 3089.73 | 96 | 1558
226 | 202 | 3090.1 | 100 | 1558
227 | 202 | 3090.1 | 96 | 1558
228 | 202 | 3090.65 | 96 | 1558
229 | 202 | 3091.79 | 100 | 1558
230 | 202 | 3091.79 | 96 | 1558
231 | 202 | 3092.3 | 98 | 1558
232 | 202 | 3092.3 | 98 | 1558
233 | 202 | 3093.13 | 98 | 1558
234 | 203 | 3093.13 | 100 | 1558
235 | 203 | 3094.15 | 95 | 1558
236 | 203 | 3094.55 | 99 | 1558
237 | 202 | 3094.57 | 97 | 1558
238 | 202 | 3095.38 | 99 | 1558
239 | 202 | 3095.38 | 96 | 1558
240 | 202 | 3096.18 | 99 | 1558
241 | 202 | 3097.11 | 97 | 1558
242 | 202 | 3097.11 | 96 | 1558
243 | 202 | 3097.64 | 99 | 1558
244 | 202 | 3097.64 | 99 | 1558
245 | 202 | 3098.15 | 98 | 1558
246 | 203 | 3098.71 | 99 | 1558
247 | 203 | 3098.73 | 97 | 1558
248 | 203 | 3099.23 | 100 | 1558
249 | 203 | 3099.23 | 97 | 1558
250 | 203 | 3099.8 | 98 | 1558
251 | 202 | 3099.8 | 98 | 1558
252 | 202 | 3100.96 | 98 | 1640
253 | 202 | 3100.96 | 100 | 1620
254 | 203 | 3102 | 98 | 1622
255 | 203 | 3102 | 100 | 1620
256 | 203 | 3102.68 | 97 | 1621
257 | 203 | 3102.68 | 98 | 1621
258 | 203 | 3103.22 | 98 | 1621
259 | 203 | 3104.3 | 99 | 1627
260 | 203 | 3104.34 | 100 | 1627
261 | 203 | 3105.23 | 97 | 1627
262 | 203 | 3105.23 | 98 | 1568
263 | 203 | 3105.82 | 98 | 1567
264 | 203 | 3105.82 | 99 | 1567
265 | 203 | 3106 | 97 | 1567
266 | 203 | 3106 | 99 | 1567
267 | 203 | 3101.9 | 98 | 1567
268 | 203 | 3102.73 | 100 | 1567
269 | 203 | 3101.92 | 94 | 1567
270 | 203 | 3101.94 | 99 | 1567
271 | 203 | 3101.94 | 97 | 1567
272 | 203 | 3101.97 | 100 | 1567
273 | 203 | 3102.12 | 97 | 1561
274 | 203 | 3102.65 | 98 | 1561
275 | 203 | 3103.73 | 98 | 1561
276 | 204 | 3103.73 | 100 | 1560
277 | 203 | 3104.2 | 96 | 1560
278 | 203 | 3104.21 | 100 | 1560
279 | 203 | 3104.46 | 98 | 1560
280 | 203 | 3104.46 | 98 | 1560
281 | 203 | 3104.92 | 98 | 1560
282 | 203 | 3104.92 | 100 | 1560
283 | 204 | 3105.18 | 97 | 1560
284 | 204 | 3105.18 | 100 | 1560
285 | 204 | 3106.76 | 96 | 1560
286 | 204 | 3107.01 | 100 | 1560
287 | 204 | 3107.04 | 98 | 1560
288 | 204 | 3107.56 | 100 | 1560
289 | 204 | 3107.56 | 98 | 1560
290 | 204 | 3108.94 | 98 | 1560
291 | 203 | 3108.94 | 100 | 1560
292 | 204 | 3110.48 | 96 | 1560
293 | 204 | 3110.48 | 100 | 1560
294 | 204 | 3110.89 | 97 | 1560
295 | 204 | 3110.89 | 99 | 1560
296 | 204 | 3111.74 | 98 | 1560
297 | 204 | 3112.21 | 100 | 1560
298 | 204 | 3112.21 | 96 | 1560
299 | 204 | 3112.62 | 99 | 1560
300 | 204 | 3112.62 | 98 | 1560
301 | 204 | 3113.14 | 100 | 1560
302 | 204 | 3113.14 | 95 | 1560
303 | 204 | 3113.56 | 100 | 1560
304 | 204 | 3113.56 | 98 | 1560
305 | 204 | 3113.95 | 100 | 1560
306 | 204 | 3113.95 | 100 | 1560
307 | 204 | 3114.51 | 97 | 1560
308 | 204 | 3115.35 | 99 | 1560
309 | 204 | 3115.35 | 96 | 1560
310 | 204 | 3115.71 | 97 | 1560
311 | 204 | 3115.71 | 98 | 1560
312 | 204 | 3116.17 | 95 | 1560
313 | 204 | 3116.41 | 98 | 1560
314 | 204 | 3116.41 | 98 | 1560
315 | 205 | 3116.68 | 98 | 1560
316 | 205 | 3117.1 | 100 | 1560
317 | 205 | 3117.1 | 96 | 1560
318 | 204 | 3117.45 | 99 | 1560
319 | 204 | 3117.45 | 96 | 1560
320 | 204 | 3117.91 | 99 | 1560
321 | 204 | 3117.91 | 98 | 1560
322 | 204 | 3118.39 | 96 | 1560
323 | 204 | 3118.39 | 99 | 1560
324 | 205 | 3118.57 | 97 | 1560
325 | 205 | 3118.57 | 99 | 1560
326 | 205 | 3118.69 | 97 | 1560
327 | 205 | 3119.1 | 99 | 1560
328 | 205 | 3119.1 | 97 | 1560
329 | 205 | 3120.16 | 98 | 1560
330 | 205 | 3120.16 | 100 | 1560
331 | 205 | 3120.61 | 97 | 1560
332 | 205 | 3121.2 | 98 | 1560
333 | 205 | 3121.2 | 97 | 1560
334 | 205 | 3121.85 | 99 | 1560
335 | 205 | 3122.26 | 98 | 1560
336 | 205 | 3122.26 | 98 | 1560
337 | 205 | 3122.55 | 98 | 1560
338 | 205 | 3122.88 | 98 | 1560
339 | 205 | 3123.18 | 98 | 1560
340 | 205 | 3123.24 | 98 | 1560
341 | 205 | 3123.41 | 98 | 1560
342 | 206 | 3123.91 | 98 | 1560
343 | 206 | 3124.55 | 97 | 1560
344 | 206 | 3124.62 | 97 | 1560
345 | 205 | 3125.15 | 98 | 1560
346 | 205 | 3125.86 | 98 | 1560
347 | 205 | 3126.5 | 98 | 1560
348 | 206 | 3127.42 | 99 | 1560
349 | 206 | 3127.52 | 95 | 1560
350 | 206 | 3127.55 | 98 | 1560
351 | 206 | 3127.55 | 98 | 1560
352 | 206 | 3127.68 | 97 | 1560
353 | 206 | 3127.9 | 97 | 1560
354 | 206 | 3127.9 | 96 | 1560
355 | 206 | 3127.9 | 98 | 1560
356 | 206 | 3127.9 | 98 | 1560
357 | 207 | 3127.92 | 96 | 1560
358 | 206 | 3128.05 | 98 | 1560
359 | 206 | 3128.29 | 98 | 1560
360 | 206 | 3128.53 | 98 | 1560
361 | 207 | 3128.54 | 97 | 1560
362 | 207 | 3128.54 | 98 | 1560
363 | 207 | 3129.27 | 98 | 1560
364 | 207 | 3129.27 | 96 | 1560
365 | 207 | 3129.27 | 97 | 1560
366 | 207 | 3129.27 | 98 | 1560
367 | 207 | 3129.27 | 98 | 1560
368 | 208 | 3129.42 | 98 | 1560
369 | 208 | 3129.5 | 97 | 1560
370 | 208 | 3129.51 | 97 | 1560
371 | 208 | 3129.51 | 96 | 1560
372 | 208 | 3129.72 | 97 | 1560
373 | 208 | 3129.85 | 95 | 1560
374 | 208 | 3130.05 | 98 | 1560
375 | 208 | 3130.06 | 94 | 1560
376 | 208 | 3130.2 | 97 | 1560
377 | 209 | 3130.41 | 96 | 1560
378 | 209 | 3130.62 | 96 | 1560
379 | 209 | 3130.64 | 96 | 1560
380 | 209 | 3130.82 | 96 | 1560
381 | 209 | 3130.85 | 96 | 1560
382 | 209 | 3130.85 | 96 | 1560
383 | 209 | 3131 | 96 | 1560
384 | 210 | 3131.55 | 96 | 1560
385 | 209 | 3131.87 | 97 | 1560
386 | 209 | 3133.11 | 96 | 1560
387 | 209 | 3133.66 | 98 | 1560
388 | 210 | 3134.08 | 96 | 1560
389 | 210 | 3134.61 | 98 | 1560
390 | 210 | 3135.43 | 98 | 1560
391 | 210 | 3136.2 | 98 | 1560
392 | 210 | 3136.93 | 96 | 1560
393 | 210 | 3136.93 | 95 | 1560
394 | 210 | 3137.51 | 98 | 1560
395 | 210 | 3138.72 | 98 | 1560
396 | 210 | 3139.44 | 97 | 1560
397 | 210 | 3139.55 | 99 | 1560
398 | 210 | 3139.56 | 96 | 1560
399 | 210 | 3141.48 | 96 | 1560
400 | 210 | 3142.25 | 98 | 1560
401 | 210 | 3142.89 | 96 | 1560
402 | 210 | 3142.89 | 99 | 1560
403 | 210 | 3143.73 | 95 | 1560
404 | 210 | 3144.5 | 97 | 1560
405 | 210 | 3145.28 | 98 | 1560
406 | 210 | 3146.23 | 97 | 1560
407 | 210 | 3147 | 98 | 1560
408 | 211 | 3147.63 | 98 | 1560
409 | 211 | 3148.12 | 99 | 1560
410 | 211 | 3148.12 | 96 | 1560
411 | 211 | 3148.59 | 97 | 1560
412 | 211 | 3148.95 | 97 | 1560
413 | 210 | 3149.65 | 100 | 1560
414 | 210 | 3149.66 | 96 | 1560
415 | 210 | 3150.05 | 97 | 1560
416 | 210 | 3150.05 | 98 | 1621
417 | 211 | 3150.59 | 97 | 1627
418 | 211 | 3150.92 | 100 | 1568
419 | 211 | 3151.72 | 98 | 1568
420 | 211 | 3152.09 | 98 | 1568
421 | 211 | 3152.39 | 97 | 1567
422 | 211 | 3152.79 | 98 | 1567
423 | 211 | 3152.79 | 96 | 1567
424 | 211 | 3153.2 | 96 | 1567
425 | 211 | 3153.35 | 97 | 1567
426 | 211 | 3154.61 | 97 | 1567
427 | 211 | 3154.88 | 97 | 1567
428 | 211 | 3155.21 | 100 | 1567
429 | 211 | 3155.77 | 94 | 1567
430 | 211 | 3157.11 | 94 | 1561
431 | 211 | 3158.53 | 96 | 1561
432 | 211 | 3158.53 | 95 | 1561
433 | 211 | 3152.81 | 98 | 1561
434 | 212 | 3153.45 | 96 | 1561
435 | 212 | 3153.61 | 100 | 1560
436 | 212 | 3154.16 | 96 | 1560
437 | 212 | 3156.45 | 99 | 1560
438 | 212 | 3156.52 | 97 | 1560
439 | 212 | 3159.67 | 96 | 1560
440 | 212 | 3159.67 | 100 | 1560
441 | 212 | 3161.52 | 96 | 1560
442 | 212 | 3161.52 | 100 | 1560
443 | 212 | 3163.54 | 95 | 1560
444 | 212 | 3165.7 | 98 | 1560
445 | 212 | 3165.7 | 96 | 1560
446 | 212 | 3168.79 | 99 | 1560
447 | 212 | 3168.79 | 97 | 1560
448 | 212 | 3169.87 | 99 | 1560
449 | 212 | 3169.87 | 99 | 1560
450 | 212 | 3171.61 | 97 | 1560
451 | 212 | 3166.79 | 99 | 1560
452 | 212 | 3166.79 | 97 | 1560
453 | 212 | 3168.14 | 97 | 1560
454 | 212 | 3168.14 | 99 | 1560
455 | 212 | 3168.34 | 97 | 1560
456 | 212 | 3168.34 | 98 | 1560
457 | 212 | 3168.57 | 95 | 1560
458 | 212 | 3168.12 | 99 | 1560
459 | 212 | 3168.12 | 96 | 1560
460 | 213 | 3168.12 | 100 | 1560
461 | 213 | 3168.12 | 97 | 1560
462 | 213 | 3168.12 | 100 | 1560
463 | 213 | 3168.12 | 100 | 1560
464 | 212 | 3168.12 | 98 | 1560
465 | 212 | 3168.12 | 99 | 1560
466 | 212 | 3168.12 | 96 | 1560
467 | 212 | 3168.12 | 99 | 1560
468 | 212 | 3168.12 | 96 | 1560
469 | 212 | 3168.77 | 97 | 1560
470 | 212 | 3168.77 | 98 | 1560
471 | 212 | 3168.85 | 98 | 1560
472 | 212 | 3169.96 | 100 | 1560
473 | 212 | 3168.85 | 94 | 1560
474 | 212 | 3168.19 | 100 | 1560
475 | 212 | 3169.63 | 97 | 1560
476 | 213 | 3172.15 | 100 | 1560
477 | 213 | 3172.15 | 96 | 1560
478 | 213 | 3174.7 | 100 | 1560
479 | 212 | 3174.7 | 95 | 1560
480 | 212 | 3175.59 | 100 | 1560
481 | 212 | 3176.67 | 97 | 1560
482 | 212 | 3176.67 | 98 | 1560
483 | 212 | 3177.38 | 97 | 1560
484 | 212 | 3177.38 | 100 | 1560
485 | 212 | 3177.84 | 96 | 1560
486 | 212 | 3177.84 | 98 | 1560
487 | 212 | 3177.85 | 96 | 1560
488 | 212 | 3177.85 | 98 | 1560
489 | 213 | 3178.11 | 97 | 1560
490 | 213 | 3179.47 | 100 | 1560
491 | 213 | 3179.47 | 97 | 1560
492 | 213 | 3180.72 | 99 | 1560
493 | 212 | 3180.72 | 97 | 1560
494 | 212 | 3182.12 | 99 | 1560
495 | 212 | 3182.12 | 96 | 1560
496 | 212 | 3182.96 | 99 | 1560
497 | 212 | 3183.47 | 97 | 1560
498 | 213 | 3183.54 | 98 | 1560
499 | 213 | 3184.11 | 97 | 1560
500 | 213 | 3184.11 | 99 | 1560
501 | 213 | 3184.21 | 96 | 1560
502 | 213 | 3184.21 | 99 | 1560
503 | 213 | 3184.24 | 96 | 1560
504 | 213 | 3184.24 | 97 | 1560
505 | 213 | 3184.44 | 96 | 1560
506 | 213 | 3184.44 | 98 | 1560
507 | 213 | 3184.51 | 97 | 1560
508 | 213 | 3184.76 | 100 | 1560
509 | 213 | 3184.76 | 97 | 1560
510 | 213 | 3184.82 | 100 | 1560
511 | 213 | 3184.82 | 97 | 1560
512 | 213 | 3184.95 | 97 | 1560
513 | 213 | 3184.95 | 99 | 1560
514 | 213 | 3185.21 | 96 | 1560
515 | 213 | 3185.21 | 100 | 1560
516 | 213 | 3185.58 | 96 | 1560
517 | 213 | 3185.59 | 100 | 1560
518 | 213 | 3185.82 | 94 | 1560
519 | 213 | 3186.13 | 99 | 1560
520 | 213 | 3186.13 | 96 | 1560
521 | 213 | 3186.63 | 100 | 1560
522 | 213 | 3186.63 | 94 | 1560
523 | 213 | 3187.1 | 99 | 1560
524 | 213 | 3187.1 | 96 | 1560
525 | 213 | 3187.69 | 99 | 1560
526 | 213 | 3187.69 | 97 | 1560
527 | 213 | 3189.36 | 100 | 1560
528 | 213 | 3189.43 | 99 | 1560
529 | 213 | 3190.57 | 96 | 1560
530 | 213 | 3190.57 | 99 | 1560
531 | 214 | 3190.75 | 94 | 1560
532 | 213 | 3190.75 | 99 | 1560
533 | 213 | 3191.89 | 96 | 1560
534 | 213 | 3191.93 | 100 | 1560
535 | 213 | 3191.93 | 96 | 1560
536 | 213 | 3191.98 | 100 | 1560
537 | 213 | 3191.98 | 93 | 1560
538 | 213 | 3192.06 | 99 | 1560
539 | 214 | 3192.06 | 94 | 1560
540 | 214 | 3193.25 | 99 | 1560
541 | 214 | 3193.25 | 97 | 1560
542 | 214 | 3193.27 | 99 | 1560
543 | 214 | 3193.27 | 99 | 1560
544 | 214 | 3193.44 | 96 | 1560
545 | 214 | 3193.44 | 99 | 1560
546 | 214 | 3193.48 | 95 | 1560
547 | 214 | 3190.63 | 99 | 1560
548 | 214 | 3190.63 | 96 | 1560
549 | 214 | 3191.02 | 99 | 1560
550 | 214 | 3191.02 | 98 | 1560
551 | 214 | 3191.41 | 97 | 1560
552 | 214 | 3191.46 | 100 | 1560
553 | 214 | 3194.39 | 95 | 1560
554 | 214 | 3197.17 | 100 | 1560
555 | 214 | 3197.25 | 97 | 1560
556 | 214 | 3199.32 | 100 | 1560
557 | 214 | 3199.32 | 97 | 1560
558 | 214 | 3199.46 | 97 | 1560
559 | 214 | 3199.46 | 99 | 1560
560 | 214 | 3199.63 | 97 | 1560
561 | 214 | 3199.71 | 100 | 1560
562 | 214 | 3200.25 | 97 | 1560
563 | 214 | 3200.91 | 100 | 1560
564 | 214 | 3201.14 | 96 | 1560
565 | 214 | 3201.95 | 100 | 1560
566 | 214 | 3201.14 | 96 | 1560
567 | 214 | 3202.71 | 100 | 1560
568 | 214 | 3201.14 | 94 | 1560
569 | 214 | 3203.44 | 99 | 1560
570 | 215 | 3203.44 | 97 | 1560
571 | 215 | 3204.56 | 100 | 1560
572 | 214 | 3204.56 | 96 | 1560
573 | 214 | 3206.66 | 100 | 1560
574 | 214 | 3207.21 | 99 | 1560
575 | 214 | 3208.32 | 96 | 1560
576 | 214 | 3208.32 | 100 | 1560
577 | 214 | 3208.16 | 95 | 1560
578 | 214 | 3208.29 | 99 | 1560
579 | 215 | 3208.94 | 96 | 1560
580 | 215 | 3210.64 | 100 | 1560
581 | 215 | 3210.64 | 95 | 1560
582 | 215 | 3210.84 | 99 | 1560
583 | 215 | 3210.84 | 95 | 1560
584 | 215 | 3210.7 | 100 | 1560
585 | 214 | 3210.77 | 96 | 1560
586 | 214 | 3218.72 | 100 | 1560
587 | 215 | 3218.72 | 90 | 1560
588 | 215 | 3219.31 | 99 | 1560
589 | 215 | 3219.31 | 99 | 1560
590 | 215 | 3217.3 | 95 | 1560
591 | 215 | 3217.3 | 100 | 1560
592 | 215 | 3217.3 | 95 | 1560
593 | 215 | 3217.3 | 100 | 1560
594 | 215 | 3217.3 | 96 | 1560
595 | 215 | 3217.49 | 100 | 1560
596 | 215 | 3217.3 | 96 | 1560
597 | 215 | 3217.82 | 100 | 1560
598 | 215 | 3217.3 | 95 | 1560
599 | 215 | 3217.3 | 100 | 1560
600 | 215 | 3217.3 | 95 | 1560
601 | 215 | 3217.52 | 99 | 1560
602 | 215 | 3217.52 | 97 | 1560
603 | 215 | 3217.52 | 100 | 1560
604 | 215 | 3217.52 | 95 | 1560
605 | 215 | 3217.3 | 95 | 1560
606 | 215 | 3217.3 | 100 | 1560
607 | 215 | 3218.05 | 95 | 1560
608 | 215 | 3218.05 | 100 | 1560
609 | 215 | 3218.02 | 95 | 1560
610 | 215 | 3218.02 | 97 | 1560
611 | 215 | 3217.96 | 95 | 1560
612 | 215 | 3217.96 | 98 | 1560
613 | 215 | 3217.85 | 96 | 1560
614 | 215 | 3218.37 | 100 | 1560
615 | 215 | 3218.32 | 96 | 1560
616 | 215 | 3218.71 | 100 | 1560
617 | 215 | 3218.13 | 96 | 1560
618 | 215 | 3218.13 | 98 | 1560
619 | 215 | 3218.13 | 96 | 1560
620 | 215 | 3218.14 | 100 | 1560
621 | 215 | 3218.14 | 99 | 1560
622 | 215 | 3218.15 | 96 | 1560
623 | 215 | 3218.15 | 100 | 1560
624 | 215 | 3218.18 | 97 | 1560
625 | 215 | 3218.18 | 100 | 1560
626 | 215 | 3218.72 | 96 | 1560
627 | 215 | 3218.72 | 100 | 1560
628 | 215 | 3218.72 | 96 | 1560
629 | 215 | 3218.72 | 100 | 1560
630 | 215 | 3218.74 | 96 | 1560
631 | 215 | 3219.24 | 100 | 1560
632 | 215 | 3219.99 | 96 | 1560
633 | 215 | 3219.07 | 99 | 1560
634 | 215 | 3220.51 | 96 | 1560
635 | 215 | 3219.07 | 100 | 1560
636 | 215 | 3220.51 | 95 | 1560
637 | 215 | 3222.87 | 100 | 1560
638 | 215 | 3222.87 | 100 | 1560
639 | 216 | 3223.32 | 95 | 1560
640 | 215 | 3223.32 | 100 | 1560
641 | 215 | 3224 | 95 | 1560
642 | 215 | 3224.09 | 99 | 1560
643 | 215 | 3224.14 | 96 | 1560
644 | 215 | 3221.1 | 95 | 1560
645 | 215 | 3219.73 | 100 | 1560
646 | 216 | 3221.37 | 95 | 1560
647 | 216 | 3221.56 | 97 | 1560
648 | 216 | 3224.02 | 98 | 1560
649 | 216 | 3224.05 | 96 | 1560
650 | 216 | 3226.3 | 96 | 1560
651 | 216 | 3226.64 | 99 | 1560
652 | 216 | 3227.03 | 96 | 1560
653 | 216 | 3222.34 | 97 | 1560
654 | 216 | 3222.34 | 97 | 1560
655 | 216 | 3222.34 | 100 | 1560
656 | 216 | 3222.48 | 95 | 1560
657 | 216 | 3221.24 | 97 | 1560
658 | 216 | 3222.62 | 98 | 1560
659 | 216 | 3222.78 | 95 | 1560
660 | 216 | 3223.47 | 96 | 1535
